[
  7685890447,
  5507285424,
  7183046797,
  5214870998,
  7215778903,
  2045069246,
  6622681672,
  6110958065,
  111780592,
  5230613589,
  1259211404,
  5275048225,
  7056739485,
  6811710755,
  6567684727,
  7541205501,
  7878666514,
  5033805372,
  5119511247,
  1324596928,
  1799053814,
  6548667123,
  6449651081,
  2002972790,
  5760009778,
  7332442305,
  6691357492,
  1134180988,
  6164468520,
  7589207082,
  5667375041,
  1077328868,
  5014564606,
  6318488353,
  593337876,
  5584848101,
  1941870101,
  1400753194,
  5492290451,
  8248477297,
  5862149528,
  7113278232,
  5670398491,
  5075802670,
  7288964492,
  1217404430,
  793958327,
  7119947760,
  5021829824,
  598313196,
  1426627828,
  5626688527,
  6805117038,
  6831183373,
  5206841991,
  7557184196,
  900155238,
  6667051446,
  5926774909,
  8121421686,
  6370393055,
  6826507304,
  694739227,
  7593997500,
  5119841808,
  6359593655,
  7686764328,
  6075858532,
  5639780824,
  1750554108,
  1597574437,
  1415418196,
  6876815508,
  7052415777,
  5458048764,
  947367833,
  7302928564,
  8596954320,
  6244075889,
  7267328440,
  5208714413,
  5626291339,
  5382907562,
  6009200117,
  713340392,
  5279906879,
  1681845311,
  7969490983,
  7197565872,
  7520207967,
  6511459102,
  7886085047,
  7479405031,
  934408727,
  5690148122,
  8175732996,
  6278945101,
  6701177963,
  5516505905,
  8066169786,
  5467875922,
  2114615538,
  6233725373,
  7225268367,
  7743465592,
  6676935096,
  1188668521,
  6322805927,
  7463753782,
  1647386062,
  7885767300,
  1625027931,
  7116005258,
  5177414110,
  6904866791,
  6010804144,
  2081310773,
  7347332616,
  5426514125,
  5743454199,
  6444143314,
  849870226,
  6016908621,
  1028066587,
  2105519853,
  5409339653,
  7273231472,
  6275942925,
  7376610997,
  1228284449,
  5411928324,
  729803193,
  5984050034,
  7767422046,
  8430173799,
  1463584941,
  5708088551,
  5102468251,
  7202819198,
  6151505849,
  6796911874,
  5976688816,
  5401300253,
  5142311777,
  8355887329,
  5563161760,
  7162452037,
  5843481320,
  8301746656,
  5529857880,
  7507420165,
  8434184380,
  6643425118,
  960788865,
  7141503806,
  5128577599,
  7506555278,
  8367992158,
  7320378415,
  7113789875,
  7463173609,
  8358189855,
  8389305165,
  5184433448,
  5726419388,
  6210797353,
  8513570750,
  6481584836,
  8111983593,
  7151074192,
  5883772922,
  8274692753,
  6866680235,
  7422040359,
  6880403352,
  2031717094,
  8137752092,
  5594305187,
  7481675046,
  1942874680,
  8216892957,
  7712974034,
  7596066604,
  6759017895,
  6469497872,
  951404865,
  8330673903,
  8269789147,
  7161844596,
  8363583533,
  6027770557,
  7054472410,
  6803946852,
  5735733927,
  7889601716,
  8237142570,
  6183630632,
  6156470234,
  7457805942,
  8468947379,
  5664985537,
  8161217566,
  1672826264,
  7484772045,
  6811869973,
  5066441037,
  7691040569,
  8458457944,
  7656686160,
  5620693965,
  1834788926,
  5895829290,
  6768454691,
  6466796936,
  6221446405,
  8089020267,
  1307818781,
  7258696617,
  6490034533,
  7677039539,
  6519245174,
  8463566699,
  7492530061,
  7689826233,
  8187658129,
  5827348287,
  1655970737,
  7740130108,
  804421551,
  6012871184,
  7141437287,
  7667515311,
  5228855746,
  7430970196,
  7304868833,
  8596763175,
  8151050953,
  8074251836,
  8349667075,
  6986652698,
  7211661118,
  5295765609,
  6706885545,
  1675759136,
  7852114153,
  8053023023,
  6849454303,
  7136245640,
  6173586318,
  7831346179,
  6520778693,
  5016298881,
  6951777096,
  1739053393,
  7988179440,
  8566364537,
  5541624892,
  6401582338,
  7387383537,
  6095899059,
  6097651702,
  6085137109,
  8043321203,
  7378869632,
  6843343817,
  5377866985,
  6067460447,
  1634916928,
  6580369378,
  8161435704,
  6449285584,
  7299298954,
  8037220220,
  5493365924,
  6508796360,
  7428958522,
  1677006263,
  7625305790,
  6852973460,
  2027328849,
  6636505790,
  7784657074,
  5076218129,
  6287401319,
  6160770932,
  6130991906,
  5228416224,
  1447238347,
  8569990747,
  5742098321,
  5253030958,
  6903187329,
  7363028725,
  5437553963,
  7861507966,
  2068932044,
  7703189393,
  5629636414,
  7601482296,
  7230615783,
  1484389127,
  7276026583,
  8509128926,
  6613063999,
  546283002,
  7272034212,
  1765398383,
  1073710976,
  5076816004,
  8023117778,
  5629506233,
  5642460116,
  480637042,
  6328515810,
  6452551665,
  6132458409,
  7967945549,
  7069039430,
  8435925727,
  5601768259,
  6882129580,
  6675234515,
  8257086745,
  8018244699,
  716191246,
  8419804701,
  7052405308,
  5908799226,
  458663781,
  8150773980,
  5131779776,
  5822929744,
  7266537271,
  5633017561,
  5670425465,
  5986327873,
  8036066584,
  5764283390,
  6439391168,
  7015290901,
  7464614847,
  5011811724,
  5501067524,
  5777954676,
  8012006470,
  5996797561,
  7627877499,
  5772250147,
  5134482202,
  2136284379,
  7617287104,
  6718400338,
  8207062464,
  7727063047,
  7095904454,
  8432918587,
  5646793753,
  6252327956,
  1941700486,
  6694190478,
  7678933445,
  7556463669,
  7685309477,
  6256230089,
  6174076657,
  6539848588,
  6905397062,
  6583187018,
  7951539062,
  7029079081,
  7412102055,
  7169647091,
  1798713431,
  7731194136,
  8257220676,
  7266422728,
  1761642857,
  6348762806,
  7410394234,
  7197416874,
  6193067170,
  7312911626,
  6496155625,
  7997845174,
  8051568780,
  1659311882,
  6265896101,
  6776829035,
  6951216934,
  411440206,
  1893509330,
  6770305821,
  6439264715,
  7559968573,
  7179081723,
  5826210461,
  6551394233,
  7518287194,
  5211869738,
  6947164887,
  5585654527,
  7798786235,
  7805616881,
  8585920170,
  7212455211,
  5906879141,
  1526161166,
  839133517,
  8558991663,
  6050447643,
  7806941081,
  8597216302,
  7946015451,
  8066142496,
  8323188688,
  7747130684,
  6958281255,
  7593251161,
  5934106438,
  7324346599,
  6396061721,
  8131725861,
  8489816167,
  8271213123,
  5877142806,
  6241948383,
  2085600976,
  6185696586,
  7434332816,
  8543176191,
  533673853,
  8047011568,
  6696059657,
  7801958990,
  8407249394,
  6490490731,
  5193946114,
  1805356023,
  7307172930,
  8427498835,
  6569061318,
  7155164478,
  5184546255,
  6057766100,
  2025006917,
  6662993653,
  7207565240,
  7633927951,
  8087567551,
  6505358393,
  5497274665,
  8336967912,
  7360301832,
  6824279666,
  7272092056,
  7376635699,
  5359424373,
  5322062928,
  8406281916,
  6421748099,
  5950246312,
  7108538018,
  7969093985,
  7030834827,
  7135985398,
  7788235800,
  5610153155,
  7582931993,
  1417793086,
  6131687786,
  7340240512,
  5265267583,
  7964993810,
  6103923416,
  5731053911,
  7407356702,
  7512944947,
  7066008840,
  1926434682,
  8296209039,
  930126534,
  5865040155,
  5211293817,
  8439671731,
  8475831047,
  7465948266,
  7275710285,
  7901170043,
  6424725361,
  6985140148,
  5893648672,
  8187692367,
  6497315294,
  6229498995,
  8567762880,
  8227120678,
  5881215353,
  7273954932,
  6168830321,
  7140238853,
  8265815678,
  7159159573,
  7977273970,
  8300765854,
  5180251101,
  8205600940,
  7864505190,
  8157514105,
  6032044114,
  8488633826,
  6178755684,
  1669604865,
  8238055645,
  8217857965,
  6095060913,
  1603686217,
  6771580958,
  6316207877,
  5425556514,
  6024852813,
  1925721924,
  6032746355,
  8414016002,
  6542367687,
  8138464263,
  7178702675,
  6881192696,
  5339171782,
  6446019156,
  8202755323,
  6766173490,
  1178712880,
  7334095187,
  7298748378,
  5694117530,
  812452415,
  6142484138,
  7257054032,
  1519445439,
  7521287929,
  8059762635,
  5939499047,
  6409718772,
  7449040004,
  7740956112,
  7744656337,
  7169613565,
  8013416995,
  1282172140,
  8145594109,
  6654383382,
  5172796291,
  5876141578,
  5277101767,
  6248809163,
  6105334603,
  7836484705,
  5879637184,
  6735788178,
  7529108798,
  5745447794,
  7855187945,
  6603483264,
  8481379325,
  5141026436,
  5544655652,
  5263915543,
  6424070468,
  1416947947,
  7983912140,
  6278845171,
  5566039424,
  8062189288,
  6829690323,
  7775405233,
  5590575022,
  7961024418,
  6498302154,
  7131213495,
  6386972895,
  7651493714,
  5466118352,
  8522254676,
  6340777903,
  7680728322,
  5235770949,
  5763306528,
  5542133060,
  5890101056,
  5809160150,
  7306355738,
  5032954189,
  5980027997,
  6322277286,
  7532380383,
  8085805299,
  5478393221,
  7996788912,
  7225582823,
  8072386618,
  7863768776,
  6406888379,
  8480442791,
  7822488435,
  7253840218,
  5795353450,
  7296667275,
  7102535533,
  7765457034,
  6961587440,
  6101678994,
  5888091147,
  6833533923,
  6282479168,
  8327479741,
  7781867884,
  7679719149,
  5908771414,
  8060569551,
  7717518158,
  5404344025,
  7586622160,
  7370944736,
  6193294974,
  7725860248,
  1764792790,
  7788007559,
  5495577046,
  6164303503,
  8311590071,
  1379057041,
  8553703684,
  6825221756,
  6723918025,
  7291845361,
  8056569269,
  7215562502,
  7242908189,
  7465111904,
  5723381148,
  7757279659,
  7903987675,
  7109789494,
  6376139760,
  7172822901,
  6525923572,
  5350433978,
  8123216744,
  5191772369,
  6988107125,
  6041028108,
  5572380383,
  8192542899,
  1995999866,
  8062918726,
  7958157768,
  6013078131,
  8081103218,
  5610226783,
  7503671476,
  7624033113,
  7463324939,
  5536278121,
  7677085168,
  6354375915,
  5515944676,
  6375771063,
  7042449425,
  5008460944,
  5572238451,
  5403106832,
  7490288639,
  6831525118,
  8009207201,
  8120264734,
  8158017567,
  7309606048,
  6816476140,
  5443954657,
  6123984617,
  7726539378,
  5428672273,
  8426051420,
  5186209702,
  6551864693,
  2022490166,
  7053082882,
  6742709823,
  6076567241,
  8389690927,
  7723886095,
  8558522528,
  8427413114,
  7091212746,
  5681263520,
  7028984724,
  5806608712,
  5953600616,
  1133488336,
  5800008649,
  8270943751,
  5347782962,
  7479113154,
  8013151925,
  6873612760,
  518326914,
  5472543776,
  7180609304,
  8020649461,
  6137552615,
  7278298886,
  7806265883,
  6491714401,
  8464594990,
  1483917042,
  7367620028,
  5000389684,
  6462751779,
  1043304157,
  5219695337,
  6773833300,
  8384544479,
  6829335919,
  7525915120,
  5410628778,
  1217128636,
  6201145625,
  7845166156,
  5629177034,
  7108426651,
  6203559805,
  5502715993,
  8067374051,
  6034136685,
  1035462182,
  5072719154,
  6372037560,
  6547611847,
  5258554871,
  8540133784,
  636749011,
  5425849311,
  6385804053,
  5850819393,
  6588874443,
  6196582270,
  7798782381,
  8082355856,
  7992981649,
  6837342011,
  8058758426,
  5419091086,
  7976178577,
  6962876951,
  7841975889,
  6099655947,
  1672727644,
  5400509404,
  5244021146,
  8080293086,
  5282468556,
  7210907314,
  7459040635,
  1396429749,
  7904523115,
  7529359977,
  5921339893,
  7945040957,
  1060725323,
  7910645570,
  5704604062,
  5011431438,
  8389633360,
  7148286700,
  7766046943,
  7270552306,
  721899252,
  8114037070,
  7193309122,
  8382488321,
  7300317792,
  8450104746,
  5151455813,
  6012804147,
  5965963577,
  6775006624,
  5992233463,
  7810472393,
  6548771273,
  5627804798,
  5790215097,
  5285345412,
  6576714876,
  8101280923,
  1395407276,
  5518659099,
  5586479038,
  6289877035,
  8514665293,
  5417529615,
  6753568508,
  6969638574,
  8359065340,
  7297537699,
  7694272240,
  7357506794,
  8021846445,
  5290486688,
  1669378799,
  6761622551,
  7913798174,
  8223856491,
  8560318250,
  1523093739,
  7052965484,
  5102178410,
  1641086837,
  5808143922,
  1876660341,
  5881302755,
  6976000228,
  5003672139,
  8017028305,
  6831404058,
  5478966428,
  1851919990,
  2097887067,
  5822286191,
  5126325513,
  6710286417,
  1539995628,
  1009160906,
  703067928,
  8445766673,
  7502375208,
  7514281982,
  5002643824,
  8254021666,
  2104711091,
  6053658779,
  8013742534,
  6365202490,
  937935318,
  1155701022,
  6338231682,
  6483739568,
  7516669436,
  461612298,
  1755515123,
  5627332368,
  8191369291,
  6997759596,
  7508191308,
  1107804587,
  1040372821,
  7911486245,
  5066194701,
  6205484256,
  2113938875,
  1051387104,
  6695501801,
  1430671709,
  1933872886,
  7080646820,
  5284050937,
  6442544821,
  2060598335,
  1084725053,
  5502832682,
  8324853394,
  398866506,
  1688947553,
  7404614010,
  5698359268,
  6067524109,
  5771568725,
  5758843204,
  1105390127,
  6802977866,
  749588751,
  112602964,
  1205868087,
  6132161176,
  1778237849,
  7013939133
]
